16.0655087628402
18.3762194785398
18.4243651387798
14.6890258418636
16.7447412026667
24.0855233273284
16.8506456808376
24.455534801516
18.8510948034711
27.6427633177167
25.5437376673507
24.3189296008579
26.0630320731956
21.1069577270758
23.1429538471604
20.9648437202547
26.5311648047356
27.6921504131354
25.1931415618836
23.2665389504291
26.4470935258083
17.0178949500565
15.7141247466649
16.9042735535355
16.8645626823903
11.8188865933219
16.1652401500429
9.44912305312783
17.1145636144384
7.81252082316788
15.4172548245216
4.93084719809911
10.6410264674266
12.4529090834812
7.39343845055481
5.59319385700423
4.88874039124035
1.8771671780907
8.47742237834164
5.68103987298116
4.11844512907946
2.1992743527158
2.63236565055422
7.97999967999402
10.5461554234326
5.58341438557913
12.0626792140174
4.96936550147272
7.5173623229182
13.679191751623
12.9140746462728
12.2374840346152
14.0835766661358
12.1062142679474
17.2931585899488
23.4218687498119
20.4416998497152
21.9332002696236
19.2931229144816
23.8421106248676
26.3684480195905
28.5196846396124
29.0274693655259
20.4689999073991
28.17924819809
21.7797808131501
29.5592097053463
29.2046598905967
26.8724408724322
21.6248738865806
25.8072915644015
24.7929138415142
25.1857726344001
24.1165570546617
23.9505967241289
15.0772733301145
22.0894663980753
16.1127165216161
12.0871965414901
13.047881501648
15.0411722238446
9.69777751560571
7.64815130201119
6.25273187690935
8.57557632053152
11.3077509459514
6.43886864969438
3.80336568750683
10.2346783244411
4.45139283117864
4.38496044485056
9.73903465789065
8.62827491976448
3.59099253880757
2.86315684620075
3.90964493578423
12.6778342052527
9.65565789317866
12.6879378165644
11.5896650434407
16.2807258299054
13.5571948456107
11.2707501149974
14.8004352600421
18.7920375422593
18.837602427146
17.2904529403441
19.829553311708
24.864820125186
25.5521500755724
23.7960979833305
25.9391435491442
28.1635497631072
21.5874871340952
24.2194294645359
25.826942784359
21.8638581130738
28.3844022040476
30.1861424230572
30.2661704722024
21.875042928415
24.1528096076405
21.8161365573242
21.3645370039576
22.0711004982154
17.1923732692861
17.4037398894155
22.561073140707
14.7591640858734
15.548721338239
19.0996182945818
14.9074095650443
15.1167565668448
9.14380881182852
12.2861256763016
12.0789263006858
7.56706226018399
8.47513859170009
10.4799338576654
6.67756470264945
3.80537857156746
9.92278259708126
5.91398127519095
9.82801782071114
2.30689710669407
3.89790958830971
10.0375453804017
7.18621974912231
7.61252794993317
10.8380232762403
5.57124708336591
6.90909285362161
8.4529375996767
11.1052871336103
17.9828808811596
16.3704563278197
19.9772071773972
16.1926341372928
22.2845499219658
24.9482881534345
19.9959069103239
20.285085319813
26.1835714410779
27.899199839195
23.4255771615764
21.9071503807406
26.9381545812426
26.5298135696323
24.3033906955022
27.0281208364631
23.529658900684
26.5713545077733
29.1375945036232
27.4148057250671
27.3239347957535
25.617363929328
25.0781339359406
25.5377245620382
25.232153093006
21.619311106389
20.6517751072784
18.0360352528122
18.743400846674
12.3229932863984
13.7503159286341
11.8229918362651
15.5401101119836
12.6942769317377
10.4855728529443
5.79654619850878
11.9809640636293
11.7249866604619
8.52885740219898
3.38751485889931
10.9555658891332
10.7840498896204
11.2884595900249
5.98518887544874
3.11205234839939
8.35778320352961
13.8998824008068
4.73943368126517
14.6898250751761
7.02922918954304
10.4987650393923
10.2451772222708
16.2750504643818
18.6008156380619
21.5674321728644
15.0755056849619
23.9934697294896
19.3219164335124
25.6730632354717
23.39247887464
24.7372610468152
23.4893895065602
22.6140821379749
30.2849381742052
26.4422501227311
28.5119457850918
24.3033884008958
22.682457580855
28.5456366313625
27.2284978686438
23.4596490263676
22.2221140621851
20.9371013283966
26.6202182071031
24.790444781134
18.9414214691837
18.6040563990375
23.2663663271032
19.9690037338937
14.241841557434
13.7525111737053
14.4984584798938
12.5784571785001
11.1918734650292
8.83869034839781
13.2324434793102
14.8887818208523
9.81382558819863
6.64120402150919
7.2151549873689
12.8969875400157
12.9407631217677
5.4259485741105
4.76723917059794
11.6195622109679
6.18621473480005
12.192340217152
13.6515451254718
9.02541293535776
15.1213660431408
11.3906747331786
10.3287680248505
15.1597721048397
16.2956003953919
16.7150678145185
19.8410587003232
16.8146836700961
23.7658004055415
17.43594307597
17.4540725563327
22.8510166963012
24.7214354454578
27.8908876239198
25.8626240396724
28.5824911017224
23.7253391884817
27.3237290150063
26.2938305851362
31.2112801368948
26.933265336812
24.5560698028686
32.0841099984099
23.6837840118182
27.1530396073267
27.0042534863784
26.6823405873201
26.6667599469982
23.1766216543656
17.8698069223131
19.6982237452225
24.7606450359166
23.8718248515712
17.4938980423096
17.1476211675654
12.9256367786139
17.713466399487
16.420285955573
9.22350057333579
8.83166090309216
10.9111899424479
8.20627114380154
5.95927450005088
4.68882420416109
7.33096715261865
4.16547584669867
10.4900235266398
6.17382393083506
11.4179057952127
12.5025620229112
13.1192398762809
9.82007151387784
15.8083697933141
15.5541790790375
14.7871896019008
10.1410913056007
17.7344836127228
12.8635089863027
21.6083976912991
17.9285841215935
23.8124177693947
23.8308286136896
22.3030271475722
21.3596367866548
27.6926510766072
23.1947497858879
27.8427379974804
30.1981018726344
26.0787122040434
29.9852538049079
32.6011293085382
28.2114127302463
25.555013333261
29.7232420448469
33.017646903062
25.0292866105146
27.8671148958473
30.4614291179369
23.4279113589644
26.5815433586714
22.4716493278553
19.461509711858
24.9770268178691
19.2349239925765
21.3295461396611
23.0841730929215
21.0856858477714
21.4702041070284
14.5900531815356
16.4846242033302
13.6581166344944
9.3355802526067
16.3309639650952
10.1137565790468
12.0605904819848
9.01359342074193
13.6016955132372
6.30532188988263
5.97134580326557
6.15192845560067
8.03320860540945
10.6786869467565
8.31755014740054
10.651524380874
16.1565457867146
12.7159363772941
10.5462518988202
11.1523388412768
16.8758852465486
12.7469371882848
16.9424727409992
14.3311472147922
18.6909618105503
18.673986053148
23.2660961326839
22.0125300020354
27.6341413390827
28.9627215762436
28.1123691930197
23.2735085962473
32.1405011045217
30.9714075411072
32.4375654411588
27.2638188214409
25.3515374753591
25.3977859256532
28.1707323203563
28.1249671029249
25.6251412812388
24.0739547579355
24.5219080879093
22.4979032223213
24.3873821825386
20.0517373985955
24.8336908195139
21.4800706731344
21.6503675908503
22.9023897119351
23.1915086593033
18.9641076833538
13.6644006274373
11.5057488195215
18.857750512842
14.6654387064743
8.08475106183964
11.0838751248943
15.6652318828799
15.0881499087376
8.62817634272936
14.8179173696397
6.89299104287297
6.22052061133051
11.602146558183
8.31732596320815
15.0107900031211
13.3336094897235
12.5419402962684
10.2635322609171
12.513585215758
12.0783895479439
14.2576087353617
18.4919571442088
20.2039710908472
20.7824321261707
25.6851489356814
22.160258533379
26.6011614087038
26.7673576354249
21.0170275650266
31.6004504106549
31.2863514408478
31.1721781290969
30.1229689199167
26.187751216728
27.525373368086
28.3420031726438
26.2648625742774
32.8260698274135
29.6614028179921
26.7355983046792
29.8202499795578
31.199044866058
26.7802587969978
31.3064083503257
28.3639657668484
28.0981786996971
25.7751859676085
18.290486256658
17.66503775387
16.9181207014245
19.7018814503666
20.3954155541038
14.5623276784684
14.0559289877308
13.219141017912
13.0953803339866
11.6403851069628
12.8274493589324
9.85320877925531
10.0535941879506
10.2129678983398
15.6064258289408
13.4931800605431
14.9533107041065
11.3166298519574
7.52136214157663
12.0197161102705
15.2181069411521
9.1306686138577
17.721456513123
10.9234737743746
13.9312406051961
21.0678789568584
14.9957444133831
16.824104780973
24.0945909871896
22.8183046872419
21.1714616802027
22.3106200835235
24.488113586254
26.2851298165327
32.0941436728063
23.4394113574628
29.5181314392811
25.0368166164599
33.932721144241
30.8057100503437
32.1924748138509
26.6210499328117
34.9983855276603
30.9725031114415
31.1113727425051
28.5145085744734
29.9506849486565
27.5010733086706
28.928258297262
30.2663184151944
21.257142402572
27.0941420633554
18.8927688750835
25.2350553398853
18.5998982138637
17.1251345302588
20.9753938518157
14.941907612773
13.0064715617924
11.0918953323709
